GEN	NE	LWR-95%CI	UPR-95%CI
0	1.69E8	1.39E8	2.21E8
1	1.17E8	9.71E7	1.50E8
2	8.09E7	6.77E7	1.02E8
3	5.55E7	4.68E7	6.98E7
4	3.76E7	3.20E7	4.71E7
5	2.47E7	2.14E7	3.09E7
6	1.55E7	1.35E7	1.90E7
7	8.81E6	7.91E6	1.02E7
8	6.54E6	5.89E6	7.51E6
9	4.76E6	4.31E6	5.40E6
10	3.44E6	3.13E6	3.88E6
11	2.49E6	2.28E6	2.82E6
12	1.83E6	1.69E6	2.07E6
13	1.37E6	1.27E6	1.54E6
14	1.05E6	9.84E5	1.18E6
15	8.31E5	7.82E5	9.20E5
16	6.47E5	6.11E5	7.08E5
17	5.25E5	4.99E5	5.69E5
18	4.42E5	4.23E5	4.74E5
19	3.83E5	3.69E5	4.07E5
20	3.40E5	3.29E5	3.59E5
21	3.09E5	2.99E5	3.23E5
22	2.85E5	2.75E5	2.96E5
23	2.66E5	2.58E5	2.76E5
24	2.56E5	2.49E5	2.65E5
25	2.48E5	2.42E5	2.57E5
26	2.43E5	2.37E5	2.51E5
27	2.40E5	2.34E5	2.47E5
28	2.38E5	2.32E5	2.44E5
29	2.36E5	2.31E5	2.43E5
30	2.36E5	2.31E5	2.42E5
31	2.36E5	2.31E5	2.42E5
32	2.38E5	2.33E5	2.44E5
33	2.41E5	2.36E5	2.46E5
34	2.43E5	2.38E5	2.48E5
35	2.45E5	2.41E5	2.50E5
36	2.47E5	2.43E5	2.51E5
37	2.49E5	2.45E5	2.53E5
38	2.50E5	2.46E5	2.54E5
39	2.52E5	2.48E5	2.55E5
40	2.53E5	2.49E5	2.56E5
41	2.53E5	2.49E5	2.56E5
42	2.53E5	2.50E5	2.57E5
43	2.53E5	2.50E5	2.56E5
44	2.52E5	2.49E5	2.55E5
45	2.51E5	2.48E5	2.54E5
46	2.49E5	2.46E5	2.53E5
47	2.47E5	2.44E5	2.50E5
48	2.44E5	2.41E5	2.48E5
49	2.41E5	2.38E5	2.45E5
50	2.38E5	2.35E5	2.42E5
51	2.34E5	2.31E5	2.38E5
52	2.30E5	2.27E5	2.34E5
53	2.26E5	2.23E5	2.30E5
54	2.22E5	2.18E5	2.25E5
55	2.17E5	2.13E5	2.20E5
56	2.12E5	2.08E5	2.16E5
57	2.07E5	2.03E5	2.11E5
58	2.02E5	1.98E5	2.05E5
59	1.97E5	1.93E5	2.00E5
60	1.91E5	1.87E5	1.95E5
61	1.86E5	1.82E5	1.90E5
62	1.81E5	1.77E5	1.85E5
63	1.75E5	1.72E5	1.79E5
64	1.70E5	1.66E5	1.74E5
65	1.65E5	1.61E5	1.68E5
66	1.60E5	1.56E5	1.63E5
67	1.55E5	1.51E5	1.58E5
68	1.49E5	1.46E5	1.53E5
69	1.45E5	1.41E5	1.48E5
70	1.40E5	1.36E5	1.43E5
71	1.35E5	1.32E5	1.39E5
72	1.30E5	1.27E5	1.34E5
73	1.26E5	1.22E5	1.29E5
74	1.21E5	1.18E5	1.25E5
75	1.17E5	1.14E5	1.21E5
76	1.13E5	1.10E5	1.16E5
77	1.09E5	1.06E5	1.12E5
78	1.05E5	1.02E5	1.08E5
79	1.01E5	9.84E4	1.05E5
80	9.77E4	9.48E4	1.01E5
81	9.42E4	9.13E4	9.73E4
82	9.08E4	8.80E4	9.39E4
83	8.75E4	8.48E4	9.05E4
84	8.43E4	8.17E4	8.73E4
85	8.13E4	7.87E4	8.42E4
86	7.84E4	7.58E4	8.12E4
87	7.55E4	7.30E4	7.83E4
88	7.28E4	7.03E4	7.55E4
89	7.02E4	6.78E4	7.29E4
90	6.77E4	6.53E4	7.03E4
91	6.53E4	6.30E4	6.78E4
92	6.29E4	6.08E4	6.55E4
93	6.07E4	5.86E4	6.32E4
94	5.86E4	5.65E4	6.10E4
95	5.65E4	5.45E4	5.89E4
96	5.45E4	5.26E4	5.68E4
97	5.26E4	5.08E4	5.49E4
98	5.08E4	4.90E4	5.30E4
99	4.91E4	4.74E4	5.12E4
100	4.74E4	4.57E4	4.95E4
101	4.58E4	4.42E4	4.78E4
102	4.42E4	4.27E4	4.62E4
103	4.27E4	4.12E4	4.46E4
104	4.13E4	3.99E4	4.32E4
105	3.99E4	3.85E4	4.17E4
106	3.86E4	3.73E4	4.04E4
107	3.74E4	3.60E4	3.91E4
108	3.62E4	3.49E4	3.78E4
109	3.50E4	3.37E4	3.66E4
110	3.39E4	3.27E4	3.54E4
111	3.28E4	3.16E4	3.43E4
112	3.18E4	3.06E4	3.32E4
113	3.08E4	2.97E4	3.22E4
114	2.98E4	2.88E4	3.12E4
115	2.89E4	2.79E4	3.03E4
116	2.80E4	2.70E4	2.94E4
117	2.72E4	2.62E4	2.85E4
118	2.64E4	2.54E4	2.77E4
119	2.56E4	2.46E4	2.68E4
120	2.48E4	2.39E4	2.61E4
121	2.41E4	2.32E4	2.53E4
122	2.34E4	2.25E4	2.46E4
123	2.28E4	2.19E4	2.39E4
124	2.21E4	2.12E4	2.32E4
125	2.15E4	2.06E4	2.26E4
126	2.09E4	2.00E4	2.19E4
127	2.03E4	1.95E4	2.13E4
128	1.98E4	1.90E4	2.08E4
129	1.93E4	1.84E4	2.02E4
130	1.87E4	1.79E4	1.97E4
131	1.82E4	1.75E4	1.92E4
132	1.78E4	1.70E4	1.87E4
133	1.73E4	1.66E4	1.82E4
134	1.69E4	1.62E4	1.77E4
135	1.64E4	1.58E4	1.73E4
136	1.60E4	1.54E4	1.68E4
137	1.56E4	1.50E4	1.64E4
138	1.53E4	1.46E4	1.60E4
139	1.49E4	1.43E4	1.56E4
140	1.45E4	1.39E4	1.53E4
141	1.42E4	1.36E4	1.49E4
142	1.38E4	1.33E4	1.45E4
143	1.35E4	1.30E4	1.42E4
144	1.32E4	1.27E4	1.39E4
145	1.29E4	1.24E4	1.36E4
146	1.26E4	1.21E4	1.33E4
147	1.23E4	1.19E4	1.30E4
148	1.21E4	1.16E4	1.27E4
149	1.18E4	1.14E4	1.24E4
150	1.16E4	1.11E4	1.21E4
151	1.13E4	1.09E4	1.19E4
152	1.11E4	1.06E4	1.16E4
153	1.08E4	1.04E4	1.14E4
154	1.06E4	1.02E4	1.11E4
155	1.04E4	9.99E3	1.09E4
156	1.02E4	9.79E3	1.07E4
157	9.99E3	9.59E3	1.05E4
158	9.80E3	9.40E3	1.03E4
159	9.61E3	9.21E3	1.01E4
160	9.42E3	9.03E3	9.87E3
161	9.25E3	8.86E3	9.69E3
162	9.07E3	8.69E3	9.50E3
163	8.90E3	8.53E3	9.32E3
164	8.74E3	8.37E3	9.15E3
165	8.58E3	8.22E3	8.98E3
166	8.43E3	8.07E3	8.82E3
167	8.28E3	7.92E3	8.66E3
168	8.14E3	7.78E3	8.51E3
169	8.00E3	7.64E3	8.36E3
170	7.86E3	7.51E3	8.21E3
171	7.73E3	7.39E3	8.07E3
172	7.60E3	7.27E3	7.93E3
173	7.47E3	7.15E3	7.80E3
174	7.35E3	7.03E3	7.67E3
175	7.23E3	6.92E3	7.54E3
176	7.12E3	6.81E3	7.42E3
177	7.01E3	6.71E3	7.30E3
178	6.90E3	6.61E3	7.18E3
179	6.79E3	6.51E3	7.07E3
180	6.69E3	6.41E3	6.96E3
181	6.59E3	6.31E3	6.85E3
182	6.49E3	6.22E3	6.75E3
183	6.39E3	6.13E3	6.65E3
184	6.30E3	6.05E3	6.55E3
185	6.21E3	5.96E3	6.45E3
186	6.12E3	5.88E3	6.36E3
187	6.04E3	5.80E3	6.28E3
188	5.96E3	5.72E3	6.19E3
189	5.87E3	5.64E3	6.10E3
190	5.79E3	5.57E3	6.02E3
191	5.72E3	5.50E3	5.94E3
192	5.64E3	5.43E3	5.86E3
193	5.57E3	5.36E3	5.79E3
194	5.50E3	5.29E3	5.71E3
195	5.43E3	5.23E3	5.64E3
196	5.36E3	5.16E3	5.57E3
197	5.29E3	5.10E3	5.50E3
198	5.23E3	5.04E3	5.43E3
199	5.16E3	4.98E3	5.37E3
200	5.10E3	4.92E3	5.30E3
201	5.04E3	4.86E3	5.24E3
202	4.98E3	4.81E3	5.18E3
203	4.92E3	4.75E3	5.12E3
204	4.87E3	4.70E3	5.06E3
205	4.81E3	4.64E3	5.01E3
206	4.76E3	4.59E3	4.95E3
207	4.71E3	4.54E3	4.90E3
208	4.65E3	4.49E3	4.84E3
209	4.60E3	4.44E3	4.79E3
210	4.56E3	4.39E3	4.74E3
211	4.51E3	4.35E3	4.70E3
212	4.46E3	4.30E3	4.65E3
213	4.41E3	4.25E3	4.61E3
214	4.37E3	4.20E3	4.56E3
215	4.32E3	4.16E3	4.52E3
216	4.28E3	4.11E3	4.48E3
217	4.24E3	4.07E3	4.44E3
218	4.20E3	4.03E3	4.40E3
219	4.16E3	3.99E3	4.36E3
220	4.12E3	3.95E3	4.32E3
221	4.08E3	3.91E3	4.28E3
222	4.04E3	3.87E3	4.24E3
223	4.00E3	3.83E3	4.21E3
224	3.97E3	3.79E3	4.17E3
225	3.93E3	3.76E3	4.14E3
226	3.90E3	3.72E3	4.10E3
227	3.86E3	3.68E3	4.07E3
228	3.83E3	3.65E3	4.03E3
229	3.79E3	3.61E3	4.00E3
230	3.76E3	3.58E3	3.97E3
231	3.73E3	3.55E3	3.94E3
232	3.70E3	3.52E3	3.91E3
233	3.67E3	3.49E3	3.88E3
234	3.64E3	3.46E3	3.85E3
235	3.61E3	3.43E3	3.82E3
236	3.58E3	3.40E3	3.79E3
237	3.55E3	3.37E3	3.76E3
238	3.52E3	3.34E3	3.74E3
239	3.50E3	3.31E3	3.71E3
240	3.47E3	3.28E3	3.68E3
241	3.44E3	3.26E3	3.66E3
242	3.42E3	3.23E3	3.63E3
243	3.39E3	3.20E3	3.61E3
244	3.37E3	3.18E3	3.58E3
245	3.34E3	3.15E3	3.56E3
246	3.32E3	3.13E3	3.53E3
247	3.29E3	3.10E3	3.51E3
248	3.27E3	3.08E3	3.49E3
249	3.25E3	3.06E3	3.47E3
250	3.23E3	3.03E3	3.44E3
251	3.20E3	3.01E3	3.42E3
252	3.18E3	2.99E3	3.40E3
253	3.16E3	2.97E3	3.38E3
254	3.14E3	2.95E3	3.36E3
255	3.12E3	2.93E3	3.34E3
256	3.10E3	2.91E3	3.32E3
257	3.08E3	2.88E3	3.30E3
258	3.06E3	2.86E3	3.28E3
259	3.04E3	2.84E3	3.26E3
260	3.02E3	2.82E3	3.24E3
261	3.00E3	2.80E3	3.22E3
262	2.98E3	2.78E3	3.20E3
263	2.97E3	2.77E3	3.18E3
264	2.95E3	2.75E3	3.17E3
265	2.93E3	2.73E3	3.15E3
266	2.91E3	2.72E3	3.13E3
267	2.90E3	2.70E3	3.12E3
268	2.88E3	2.69E3	3.10E3
269	2.87E3	2.67E3	3.08E3
270	2.85E3	2.66E3	3.07E3
271	2.83E3	2.64E3	3.05E3
272	2.82E3	2.63E3	3.04E3
273	2.80E3	2.61E3	3.02E3
274	2.79E3	2.60E3	3.00E3
275	2.77E3	2.58E3	2.99E3
276	2.75E3	2.56E3	2.97E3
277	2.74E3	2.55E3	2.95E3
278	2.72E3	2.53E3	2.94E3
279	2.71E3	2.52E3	2.93E3
280	2.70E3	2.51E3	2.91E3
281	2.68E3	2.49E3	2.90E3
282	2.67E3	2.48E3	2.89E3
283	2.66E3	2.47E3	2.88E3
284	2.65E3	2.45E3	2.87E3
285	2.64E3	2.44E3	2.85E3
286	2.63E3	2.43E3	2.84E3
287	2.61E3	2.41E3	2.83E3
288	2.60E3	2.40E3	2.82E3
289	2.59E3	2.38E3	2.80E3
290	2.57E3	2.37E3	2.79E3
291	2.56E3	2.35E3	2.77E3
292	2.54E3	2.34E3	2.76E3
293	2.53E3	2.32E3	2.75E3
294	2.52E3	2.31E3	2.74E3
295	2.51E3	2.30E3	2.73E3
296	2.50E3	2.29E3	2.72E3
297	2.49E3	2.28E3	2.71E3
298	2.48E3	2.28E3	2.71E3
299	2.48E3	2.27E3	2.70E3
300	2.48E3	2.27E3	2.70E3
