ANC.A totalGEN totalN delta n rate U_exact L_exact
11 3148959.66966268 71096 -2 1 3.82522523741637e-07 2.13127732062243e-06 9.68463075087128e-09
11 3148959.66966268 71096 -1 12 4.59027028489964e-06 8.01826616355103e-06 2.37186119793525e-06
11 3148959.66966268 71096 1 76 2.90717118043644e-05 3.63874681185899e-05 2.29052549204539e-05
11 3148959.66966268 71096 2 10 3.82522523741637e-06 7.03471529577472e-06 1.83434521858188e-06
12 24476.9961284047 540 -2 0 0 0.000181521328395432 0
12 24476.9961284047 540 -1 0 0 0.000181521328395432 0
12 24476.9961284047 540 1 0 0 0.000181521328395432 0
12 24476.9961284047 540 2 0 0 0.000181521328395432 0
13 29629.1522189393 640 -2 0 0 0.000149959693926144 0
13 29629.1522189393 640 -1 0 0 0.000149959693926144 0
13 29629.1522189393 640 1 13 0.000528503950578462 0.000903621718864196 0.000281431659936352
13 29629.1522189393 640 2 0 0 0.000149959693926144 0
14 1781254.79981782 41010 -2 0 0 2.49454893748918e-06 0
14 1781254.79981782 41010 -1 13 8.79106346919125e-06 1.50329456266672e-05 4.68087719838487e-06
14 1781254.79981782 41010 1 387 0.000261703197121309 0.000289117892352514 0.000236278247514954
14 1781254.79981782 41010 2 17 1.14960060750962e-05 1.84061644971999e-05 6.69685788823023e-06
15 394404.756256494 8829 -2 0 0 1.12661137384006e-05 0
15 394404.756256494 8829 -1 19 5.80277282080144e-05 9.06162037605666e-05 3.49367520010663e-05
15 394404.756256494 8829 1 126 0.000384815460747885 0.000458157596869629 0.000320569501668105
15 394404.756256494 8829 2 9 2.74868186248489e-05 5.2177976703217e-05 1.25687778966094e-05
16 141394.405796822 3168 -2 0 0 3.14254806147157e-05 0
16 141394.405796822 3168 -1 5 4.25953202749368e-05 9.94012096984607e-05 1.38307404756825e-05
16 141394.405796822 3168 1 56 0.000477067587079292 0.000619477089090774 0.00036038894679453
16 141394.405796822 3168 2 3 2.55571921649621e-05 7.46876520014673e-05 5.27054831520763e-06
17 2013151.3722755 45872 -2 1 5.98339507196858e-07 3.3337311920218e-06 1.5148647458683e-08
17 2013151.3722755 45872 -1 9 5.38505556477173e-06 1.02224942412674e-05 2.46239314211613e-06
17 2013151.3722755 45872 1 91 5.44488951549141e-05 6.68508458866931e-05 4.3839044197233e-05
17 2013151.3722755 45872 2 7 4.18837655037801e-06 8.62964215502302e-06 1.68394624506783e-06
18 48160.0267118539 1095 -2 0 0 9.22604276935959e-05 0
18 48160.0267118539 1095 -1 14 0.000350159108110487 0.000587449927834869 0.000191445975448518
18 48160.0267118539 1095 1 24 0.000600272756760835 0.00089305018599439 0.000384636738322425
18 48160.0267118539 1095 2 0 0 9.22604276935959e-05 0
20 42566.241356803 1028 -2 0 0 0.000104384716313384 0
20 42566.241356803 1028 -1 1 2.8298199737748e-05 0.000157659904914217 7.16452236582236e-07
20 42566.241356803 1028 1 22 0.000622560394230455 0.000942444055433979 0.000390190558806024
20 42566.241356803 1028 2 4 0.000113192798950992 0.000289798917255038 3.08420949308708e-05
21 94404.4702019246 2203 -2 0 0 4.70673441300082e-05 0
21 94404.4702019246 2203 -1 14 0.000178632134303914 0.000299700797071216 9.76631018916361e-05
21 94404.4702019246 2203 1 75 0.000956957862342394 0.00119944012971903 0.00075277165944411
21 94404.4702019246 2203 2 3 3.82783144936958e-05 0.000111862618797155 7.894005766962e-06
22 110338.954883409 2590 -2 2 2.18335945137925e-05 7.88685509798731e-05 2.64415758629078e-06
22 110338.954883409 2590 -1 13 0.000141918364339651 0.000242674475076445 7.55672599953952e-05
22 110338.954883409 2590 1 103 0.00112443011746032 0.00136356251493834 0.000917870515041562
22 110338.954883409 2590 2 9 9.82511753120664e-05 0.00018650442616547 4.49274662473295e-05
23 224035.482720113 5307 -2 3 1.61297842472325e-05 4.71375691878932e-05 3.32636670920358e-06
23 224035.482720113 5307 -1 29 0.000155921247723247 0.000223923081656446 0.000104425130947482
23 224035.482720113 5307 1 179 0.00096241046008487 0.00111412202516501 0.000826628525037823
23 224035.482720113 5307 2 13 6.98957317380073e-05 0.000119521625260576 3.72170353969028e-05
24 521035.370590552 11981 -2 5 1.15591768619733e-05 2.69751094064779e-05 3.75324449234743e-06
24 521035.370590552 11981 -1 113 0.000261237397080597 0.000314072734160563 0.000215300641887859
24 521035.370590552 11981 1 539 0.00124607926572072 0.00135579611231262 0.00114313831303592
24 521035.370590552 11981 2 48 0.000110968097874944 0.000147125494875367 8.18200851037724e-05
25 302954.847859894 6997 -2 7 2.78319890226659e-05 5.73438033284871e-05 1.1189956292607e-05
25 302954.847859894 6997 -1 107 0.000425431832203608 0.000514071642466211 0.000348662015811952
25 302954.847859894 6997 1 386 0.00153473539467844 0.00169563030980195 0.00138551376686382
25 302954.847859894 6997 2 26 0.000103375959227045 0.000151466632076041 6.75294682017096e-05
26 231619.346952401 5313 -2 5 2.60027501123976e-05 6.06809620416611e-05 8.44307814483152e-06
26 231619.346952401 5313 -1 105 0.000546057752360349 0.000661005640963238 0.000446639283707616
26 231619.346952401 5313 1 283 0.0014717556563617 0.00165347891966331 0.00130535165528104
26 231619.346952401 5313 2 41 0.00021322255092166 0.000289251769806345 0.000153015907187648
27 118012.084410745 2780 -2 10 0.000102069885979433 0.000187703615860494 4.894738473354e-05
27 118012.084410745 2780 -1 73 0.000745110167649864 0.000936790261447339 0.000584084426376394
27 118012.084410745 2780 1 125 0.00127587357474292 0.00151999268716982 0.00106211648862516
27 118012.084410745 2780 2 21 0.00021434676055681 0.000327636616596827 0.00013268805382285
28 37653.1025705136 859 -2 6 0.000191944023376701 0.00041774330575496 7.04428830479023e-05
28 37653.1025705136 859 -1 24 0.000767776093506805 0.00114221542924041 0.000491979776871089
28 37653.1025705136 859 1 43 0.00137559883419969 0.00185256046918046 0.000995674306003289
28 37653.1025705136 859 2 8 0.000255925364502268 0.000504224382966939 0.000110495911802634
29 40149.4509461614 935 -2 0 0 0.000110668466070211 0
29 40149.4509461614 935 -1 50 0.00150008028953527 0.00197729892972622 0.00111356593111379
29 40149.4509461614 935 1 70 0.00210011240534938 0.00265278595766278 0.00163745344301569
29 40149.4509461614 935 2 5 0.000150008028953527 0.000350043560265952 4.87091873905405e-05
30 51443.3776922023 1169 -2 8 0.000187320203927058 0.000369070337663449 8.08749498096616e-05
30 51443.3776922023 1169 -1 73 0.0017092968608344 0.00214880743609214 0.00134001827452991
30 51443.3776922023 1169 1 90 0.0021073522941794 0.00258979334048155 0.00169484658896643
30 51443.3776922023 1169 2 16 0.000374640407854116 0.000608337984822539 0.00021415312238982
31 46260.6047780547 1044 -2 4 0.000104153242767065 0.000266653400284836 2.83785966569501e-05
31 46260.6047780547 1044 -1 89 0.0023174096515672 0.00285111488167606 0.00186138695613874
31 46260.6047780547 1044 1 109 0.00283817586540253 0.00342282314539117 0.00233088410935936
31 46260.6047780547 1044 2 34 0.000885302563520056 0.00123693034994484 0.000613155186000367
32 33308.9955149959 758 -2 8 0.000289302749933172 0.000569975244785761 0.000124907025769923
32 33308.9955149959 758 -1 78 0.00282070181184843 0.00351934026210391 0.00223016137782207
32 33308.9955149959 758 1 145 0.00524361234253874 0.00616754155767048 0.00442631887916341
32 33308.9955149959 758 2 13 0.000470116968641405 0.000803802837850341 0.00025033653631652
